Datum 10år  5år 3år 2år 1år 3mån
2015-03-27	3,15	2,27	1,92	2,07	2,03	2,05
2015-02-25	3,29	2,47	2,12	2,13	2,07	2,10
2015-02-18	3,41	2,65	2,27	2,17	2,11	2,15
2015-01-22	3,61	2,74	2,36	2,25	2,17	2,18
2014-10-31	3,61	2,74	2,36	2,25	2,17	2,22
2014-10-22	3,81	2,90	2,52	2,36	2,34	2,37
2014-08-13	4,05	3,09	2,66	2,51	2,40	2,42
2014-07-07	4,05	3,14	2,66	2,51	2,40	2,42
2014-07-04	4,05	3,24	2,80	2,64	2,60	2,56
2014-06-16	4,05	3,24	2,80	2,64	2,60	2,66
2014-06-10	4,19	3,44	2,98	2,73	2,65	2,68
2013-12-23	4,29	3,54	2,98	2,73	2,65	2,68
2013-12-18	4,31	3,66	3,20	2,95	2,87	2,72
2013-11-15	4,31	3,66	3,20	2,95	2,87	2,87
2013-11-15	4,31	3,66	3,20	2,95	2,87	2,87
2013-11-05	4,37	3,73	3,27	3,06	2,88	2,87
2013-11-05	4,37	3,73	3,27	3,06	2,88	2,87
2013-10-17	4,48	3,77	3,29	3,09	2,88	2,88
2013-10-17	4,48	3,77	3,29	3,09	2,88	2,88
2013-09-27	4,48	3,74	3,29	3,12	2,91	2,88
2013-09-05	4,40	3,72	3,29	3,14	2,91	2,88
2013-09-04	4,40	3,65	3,21	3,06	2,91	2,90
2013-08-30	4,33	3,61	3,18	3,00	2,91	2,90
2013-08-27	4,34	3,60	3,12	2,96	2,87	2,90
2013-08-23	4,34	3,54	3,12	2,96	2,87	2,90
2013-08-21	4,31	3,49	3,08	2,95	2,89	2,93
2013-07-26	4,16	3,49	3,08	2,95	2,89	2,93
2013-07-09	4,16	3,54	3,11	2,95	2,89	2,93
2013-06-25	4,16	3,55	3,14	3,02	2,94	2,98
2013-05-24	3,86	3,25	2,99	2,92	2,89	2,93
2013-05-20	3,86	3,25	2,99	2,94	2,91	2,96
2013-05-03	3,92	3,32	3,09	3,00	2,94	2,98
2013-04-22	3,94	3,37	3,15	3,03	2,98	2,99
2013-02-25	4,10	3,50	3,19	3,08	3,02	3,00
2013-01-23	4,05	3,45	3,19	3,08	3,02	3,00
2013-01-16	3,96	3,35	3,13	3,04	3,02	3,00
2012-12-27	3,96	3,35	3,13	3,06	3,10	3,09
2012-12-19	3,99	3,39	3,14	3,09	3,15	3,19
2012-11-19	3,99	3,39	3,14	3,09	3,20	3,29
2012-10-23	4,10	3,51	3,27	3,19	3,33	3,30
2012-10-10	4,20	3,51	3,31	3,25	3,45	3,36
2012-09-10	4,26	3,69	3,46	3,40	3,65	3,55
2012-09-04	4,26	3,72	3,55	3,52	3,71	3,76
2012-08-09	4,30	3,76	3,59	3,59	3,82	3,90
2012-07-26	4,25	3,76	3,49	3,51	3,82	3,90
2012-07-16	4,29	3,83	3,63	3,62	3,88	3,94
2012-05-31	4,42	3,96	3,69	3,62	3,88	3,97
2012-05-23	4,47	3,98	3,75	3,69	3,91	3,97
2012-05-16	4,62	4,07	3,76	3,76	3,91	3,99
2012-05-11	4,70	4,21	3,81	3,78	3,99	3,99
2012-04-27	4,80	4,28	3,91	3,83	4,10	3,99
2012-04-17	4,80	4,28	3,91	3,83	4,10	4,06
2012-04-05	4,85	4,36	3,96	3,89	4,21	4,10
2012-03-26	4,85	4,36	3,96	3,89	4,21	4,18
2012-03-02	4,85	4,36	3,86	3,81	4,21	4,18
2012-02-16	4,85	4,39	3,99	3,96	4,41	4,29
2011-12-27	4,88	4,39	3,96	3,93	4,42	4,43
2011-11-30	5,28	4,85	4,45	4,42	4,62	4,62
2011-10-19	5,11	4,66	4,31	4,15	4,37	4,37
2011-10-11	5,02	4,56	4,24	4,05	4,33	4,29
2011-08-18	4,89	4,38	4,09	3,89	4,31	4,18
2011-08-12	4,92	4,55	4,14	3,89	4,28	4,10
2011-07-15	5,47	5,09	4,69	4,39	4,28	4,10
2011-07-05	5,58	5,24	4,73	4,39	4,02	3,94
2011-06-16	5,49	5,08	4,64	4,30	3,97	3,90
2011-05-12	5,10	4,78	4,36	4,03	3,73	3,57
2011-05-03	5,37	5,07	4,63	4,25	3,83	3,57
2011-03-03	5,53	5,19	4,70	4,31	3,72	3,57
2011-02-22	5,47	5,12	4,53	4,11	3,51	3,46
2011-02-04	5,51	5,14	4,59	4,16	3,49	3,30
2011-01-25	5,40	4,99	4,38	3,97	3,36	3,30
2011-01-18	5,32	4,92	4,32	3,93	3,34	3,26
2011-01-10	5,26	4,81	4,21	3,83	3,28	3,20
2010-12-27	5,22	4,73	4,08	3,70	3,15	3,20
2010-12-14	5,22	4,74	4,09	3,73	3,14	3,11
2010-12-07	5,20	4,63	3,95	3,58	3,06	3,04
2010-11-30	4,99	4,48	3,83	3,53	2,89	2,97
2010-11-17	4,94	4,36	3,73	3,41	2,82	2,88
2010-11-09	4,77	4,24	3,67	3,38	2,81	2,82
2010-10-27	4,80	4,31	3,69	3,40	2,78	2,74
2010-10-22	4,67	4,15	3,65	3,38	2,72	2,64
2010-10-19	4,55	4,03	3,53	3,26	2,65	2,50
2010-10-05	4,51	3,96	3,42	3,13	2,53	2,43
2010-09-30	4,46	3,89	3,33	3,05	2,47	2,33
2010-09-15	4,44	3,89	3,32	3,00	2,40	2,25
2010-09-10	4,26	3,74	3,21	2,92	2,37	2,22
2010-09-06	4,13	3,62	3,10	2,82	2,32	2,17
2010-08-26	4,05	3,53	2,98	2,68	2,21	2,16
2010-08-19	4,18	3,63	3,04	2,73	2,24	2,11
2010-08-16	4,37	3,80	3,20	2,87	2,29	2,11
2010-08-11	4,37	3,80	3,20	2,87	2,29	2,11
2010-08-05	4,51	3,92	3,26	2,89	2,28	2,06
2010-07-30	4,53	3,97	3,29	2,91	2,22	2,06
2010-07-15	4,47	3,91	3,26	2,90	2,22	2,06
2010-07-02	4,45	3,86	3,20	2,84	2,20	2,05
2010-06-22	4,58	4,00	3,25	2,85	2,13	1,95
2010-06-11	4,35	3,78	3,11	2,75	2,13	1,93
2010-06-09	4,41	3,83	3,16	2,79	2,15	1,82
2010-06-04	4,54	3,96	3,30	2,91	2,14	1,82
2010-06-02	4,44	3,81	3,14	2,75	2,12	1,80
2010-05-26	4,38	3,73	3,00	2,59	1,92	1,78
2010-05-14	4,60	3,91	3,13	2,64	1,91	1,74
2010-05-07	4,70	3,98	3,20	2,71	1,96	1,65
2010-04-30	4,70	3,98	3,15	2,62	1,85	1,65
2010-04-26	4,78	4,06	3,22	2,70	1,82	1,60
2010-04-19	4,94	4,21	3,31	2,70	1,82	1,60
2010-03-11	4,94	4,21	3,35	2,70	1,82	1,60
2010-02-26	4,99	4,35	3,41	2,70	1,82	1,53
2010-02-17	5,09	4,40	3,61	2,75	1,82	1,53
2010-02-03	4,92	4,29	3,45	2,75	1,85	1,48
2010-01-14	4,92	4,25	3,32	2,54	1,72	1,48
2010-01-11	5,00	4,35	3,42	2,64	1,78	1,48
2009-12-23	4,94	4,28	3,41	2,66	1,79	1,48
2009-12-16	5,00	4,36	3,46	2,70	1,81	1,48
2009-12-04	4,90	4,23	3,33	2,66	1,74	1,48
2009-11-16	4,94	4,31	3,47	2,72	1,79	1,48
2009-11-04	4,84	4,26	3,42	2,65	1,79	1,48
2009-10-26	4,94	4,32	3,42	2,65	2,17	1,49
2009-10-12	4,94	4,36	3,50	2,77	2,17	1,51
2009-09-25	5,06	4,37	3,40	2,62	2,17	1,53
2009-09-10	5,05	4,31	3,38	2,67	2,17	1,56
2009-09-02	5,05	4,31	3,42	2,77	2,17	1,61
2009-07-31	5,33	4,57	3,43	2,61	2,17	1,64
2009-07-27	5,32	4,54	3,40	2,57	2,17	1,64
2009-07-15	5,27	4,47	3,39	2,61	2,17	1,69
2009-07-07	5,32	4,54	3,49	2,73	2,17	1,69
2009-07-03	5,55	4,74	3,72	3,04	2,17	1,69
2009-06-29	5,55	4,74	3,72	3,04	2,17	1,99
2009-06-17	5,61	4,87	3,87	3,18	2,17	1,99
2009-06-09	5,76	4,92	3,87	3,18	2,17	1,99
2009-06-02	5,71	4,67	3,62	2,93	2,17	1,94
2009-05-27	5,36	4,52	3,57	2,88	2,17	1,94
2009-05-22	5,30	4,45	3,51	2,88	2,17	1,94
2009-04-22	5,29	4,40	3,51	2,88	2,17	1,97
2009-04-07	5,29	4,40	3,51	2,88	2,17	2,09
2009-03-26	5,29	4,40	3,51	2,88	2,23	2,21
2009-03-18	4,99	4,30	3,47	2,88	2,23	2,21
2009-02-25	4,91	4,30	3,45	2,84	2,23	2,29
2009-02-18	4,91	4,30	3,48	2,93	2,37	2,45
2009-02-13	4,91	4,30	3,48	2,93	2,37	2,48
2009-02-12	5,06	4,58	3,88	3,38	2,99	2,54
2009-01-28	5,06	4,58	3,88	3,38	2,99	3,14
2009-01-23	4,71	4,38	3,68	3,38	3,08	3,29
2009-01-19	4,61	4,18	3,68	3,38	3,08	3,29
2009-01-15	4,36	4,18	3,88	3,63	3,23	3,34
2009-01-09	4,36	4,18	3,88	3,63	3,23	3,49
2008-12-19	4,36	4,18	3,88	3,63	3,23	3,59
2008-12-15	4,76	4,62	4,25	4,05	3,81	3,59
2008-12-10	4,76	4,62	4,25	4,05	3,81	3,69
2008-12-05	4,96	4,69	4,25	4,05	4,76	3,74
2008-12-04	5,11	4,84	4,40	4,20	5,06	5,04
2008-12-01	5,26	4,99	4,60	4,54	5,26	5,39
2008-11-27	5,41	5,09	4,65	4,59	5,26	5,49
2008-11-24	5,41	5,09	4,75	4,74	5,26	5,64
2008-11-19	5,69	5,24	4,95	4,89	5,26	5,64
2008-11-14	5,69	5,24	5,00	4,96	5,26	5,74
2008-10-29	5,79	5,26	5,10	5,09	5,56	5,79
2008-10-27	5,79	5,26	5,10	5,09	5,56	5,79
2008-10-17	5,79	5,71	5,55	5,54	5,56	6,29
2008-10-10	5,79	5,71	5,55	5,54	5,56	6,59
2008-10-08	6,24	6,14	6,00	5,99	5,91	6,99
2008-10-02	6,44	6,34	6,19	6,20	6,01	6,64
2008-09-30	6,44	6,34	6,19	6,20	6,01	6,64
2008-09-24	6,24	6,14	5,99	6,02	5,86	6,24
2008-09-19	6,02	5,99	5,89	5,83	5,77	6,24
2008-09-18	6,02	5,99	5,89	5,83	5,77	6,09
2008-09-17	6,02	5,99	5,89	5,83	5,77	6,09
2008-09-12	6,02	5,99	5,89	5,83	5,77	5,94
2008-09-10	6,08	6,06	5,94	5,85	5,77	5,94
2008-09-02	6,08	6,06	5,94	5,85	5,77	5,74
2008-08-11	6,08	6,06	5,94	5,85	5,77	5,81
2008-08-04	6,14	6,26	6,09	5,99	6,01	5,81
2008-07-09	6,24	6,38	6,29	6,26	6,01	5,81
2008-07-04	6,24	6,38	6,29	6,26	6,01	5,81
2008-06-25	6,04	6,18	6,19	6,06	5,81	5,61
2008-06-13	5,95	6,09	6,19	6,06	5,81	5,61
2008-06-11	5,85	5,99	6,15	6,15	5,73	5,45
2008-06-10	5,80	5,85	5,95	5,95	5,53	5,45
2008-05-29	5,75	5,75	5,70	5,65	5,48	5,45
2008-05-26	5,75	5,69	5,67	5,55	5,38	5,45
2008-05-21	5,65	5,55	5,47	5,39	5,38	5,50
2008-05-16	5,65	5,55	5,42	5,27	5,28	5,39
2008-05-15	5,65	5,55	5,42	5,27	5,28	5,39
2008-05-14	5,65	5,55	5,42	5,27	5,28	5,39
2008-04-25	5,65	5,55	5,42	5,27	5,28	5,39
2008-04-21	5,60	5,50	5,31	5,27	5,28	5,39
2008-04-11	5,40	5,30	5,11	5,12	5,28	5,39
2008-04-01	5,40	5,30	5,06	5,12	5,28	5,39
2008-03-11	5,40	5,20	5,06	5,05	5,28	5,39
2008-02-20	5,40	5,20	5,06	5,00	5,28	5,24
2008-02-15	5,40	5,20	5,06	5,00	5,28	5,24
2008-02-13	5,25	5,08	4,96	4,94	5,04	5,08
2008-01-24	5,25	5,10	5,05	5,00	5,04	5,08
2008-01-23	5,25	5,10	5,05	5,00	5,04	5,08
2008-01-18	5,25	5,15	5,10	5,05	5,07	5,08
2008-01-14	5,40	5,30	5,25	5,20	5,22	5,23
2007-12-14	5,40	5,30	5,25	5,20	5,22	5,28
2007-12-12	5,40	5,30	5,25	5,20	5,22	5,23
2007-12-03	5,30	5,25	5,15	5,10	5,17	5,13
2007-11-27	5,30	5,25	5,15	5,10	5,10	5,13
2007-11-22	5,30	5,25	5,15	5,10	5,10	5,02
2007-11-15	5,30	5,25	5,15	5,10	5,06	4,92
2007-11-05	5,30	5,25	5,15	5,10	4,98	4,82
2007-10-31	5,30	5,25	5,15	5,10	4,98	4,82
2007-10-15	5,30	5,20	5,10	5,05	4,98	4,82
2007-10-02	5,30	5,20	5,10	5,05	4,98	4,74
2007-09-26	5,25	5,18	5,01	4,95	4,84	4,59
2007-09-13	5,25	5,14	4,99	4,93	4,79	4,54
2007-09-12	5,25	5,14	4,99	4,93	4,73	4,39
2007-08-31	5,25	5,14	4,99	4,93	4,73	4,39
2007-08-24	5,36	5,24	5,09	4,93	4,69	4,28
2007-08-14	5,36	5,24	5,09	4,93	4,69	4,24
2007-07-11	5,36	5,24	5,09	4,93	4,61	4,19
2007-07-09	5,36	5,24	5,09	4,93	4,61	4,10
2007-06-27	5,36	5,24	5,07	4,90	4,59	4,10
2007-06-25	5,36	5,24	5,07	4,90	4,59	4,10
2007-06-15	5,18	5,10	4,99	4,82	4,54	4,10
2007-06-11	5,10	5,03	4,91	4,77	4,52	4,05
2007-05-29	5,05	4,98	4,86	4,73	4,49	3,98
2007-04-19	4,99	4,93	4,86	4,73	4,49	3,98
2007-04-12	4,96	4,87	4,74	4,62	4,38	3,95
2007-03-30	4,84	4,74	4,61	4,51	4,33	3,90
2007-03-23	4,82	4,74	4,55	4,47	4,23	3,90
2007-02-21	4,84	4,74	4,55	4,47	4,23	3,90
2007-01-16	4,84	4,74	4,55	4,47	4,23	3,75
2006-12-27	4,79	4,64	4,50	4,37	4,13	3,75
2006-12-20	4,79	4,59	4,38	4,23	4,00	3,75
2006-11-28	4,79	4,59	4,38	4,23	4,00	3,68
2006-11-01	4,89	4,64	4,43	4,23	4,00	3,68
2006-09-26	4,89	4,64	4,43	4,23	4,00	3,43
2006-09-06	4,99	4,74	4,43	4,23	4,00	3,43
2006-08-15	5,09	4,79	4,43	4,23	3,95	3,23
2006-06-28	5,09	4,79	4,33	4,05	3,70	3,23
2006-06-21	4,89	4,59	4,13	3,85	3,50	3,23
2006-05-03	4,89	4,59	4,13	3,85	3,50	2,98
2006-04-06	4,79	4,44	4,05	3,75	3,45	2,98
2006-03-23	4,64	4,29	3,95	3,60	3,30	2,98
2006-03-14	4,55	4,20	3,90	3,55	3,25	2,98
2006-03-07	4,55	4,20	3,90	3,55	3,25	2,92
2006-03-01	4,55	4,20	3,90	3,55	3,25	2,80
2006-02-03	4,55	4,20	3,90	3,55	3,25	2,80
2006-01-25	4,55	4,09	3,78	3,43	3,16	2,59
2006-01-03	4,55	4,09	3,78	3,43	3,16	2,59
2005-12-09	4,55	4,09	3,78	3,43	3,16	2,44
2005-11-28	4,50	3,99	3,68	3,33	3,06	2,44
2005-11-22	4,60	4,09	3,78	3,40	3,13	2,44
2005-11-02	4,50	3,89	3,58	3,20	2,93	2,44
2005-10-03	4,30	3,69	3,38	3,05	2,78	2,50
2005-09-22	4,20	3,55	3,20	2,90	2,60	2,50
2005-09-06	4,20	3,55	3,20	2,90	2,60	2,50
2005-08-12	4,35	3,65	3,20	2,90	2,60	2,50
2005-06-22	4,20	3,55	3,05	2,75	2,55	2,50
2005-06-13	4,20	3,55	3,15	2,85	2,65	2,85
2005-06-08	4,30	3,65	3,25	2,95	2,75	 
2005-06-02	4,40	3,75	3,30	3,00	2,75	 
2005-05-18	4,45	3,80	3,35	3,05	2,80	 
2005-05-10	4,55	3,85	3,40	3,10	2,80	 
2005-05-02	4,35	3,75	3,30	3,00	2,80	 
2005-04-29	4,50	3,90	3,40	3,10	2,90	 
2005-04-26	4,60	4,00	3,50	3,20	2,95	 
2005-04-15	4,70	4,10	3,60	3,30	3,00	 
2005-02-02	4,90	4,10	3,60	3,35	3,10	 
2004-12-16	5,05	4,25	3,70	3,45	3,10	 
2004-12-10	5,20	4,40	3,85	3,60	3,25	 
2004-11-30	5,35	4,55	4,00	3,70	3,35	 
2004-11-15	5,45	4,65	4,10	3,80	3,40	 
2004-10-15	5,60	4,80	4,30	3,85	3,45	 
2004-10-12	5,65	4,90	4,40	3,95	3,50	 
2004-09-15	5,75	5,00	4,40	3,95	3,50	 
2004-09-08	5,85	5,10	4,50	4,05	3,50	 
2004-08-16	5,80	5,00	4,30	3,85	3,35	 
2004-07-07	6,00	5,20	4,45	4,00	3,35	 
2004-05-14	6,20	5,35	4,60	4,15	3,50	 
2004-04-27	6,10	5,15	4,40	3,95	3,40	 
2004-04-15	5,90	4,95	4,25	3,80	3,30	 
2004-04-07	5,75	4,75	4,10	3,70	3,20	 
2004-04-06	5,75	4,75	4,10	3,70	3,20	 
2004-04-05	5,45	4,45	3,90	3,50	3,20	 
2004-03-26	5,45	4,45	3,90	3,50	3,20	 
2004-03-16	5,55	4,65	4,10	3,70	3,40	 
2004-03-10	5,65	4,80	4,20	3,80	3,45	 
2004-03-02	5,80	4,95	4,30	3,90	3,55	 
2004-02-17	5,80	5,15	4,40	3,95	3,60	 
2004-02-11	5,90	5,25	4,55	4,10	3,75	 
2004-01-13	5,90	5,25	4,55	4,10	3,75	 
2003-12-19	6,10	5,45	4,75	4,30	3,90	 
2003-12-16	6,25	5,65	4,95	4,50	4,00	 
2003-11-17	6,35	5,75	5,05	4,60	4,10	 
2003-11-10	6,55	5,95	5,25	4,80	4,30	 
2003-10-22	6,30	5,70	5,00	4,60	4,10	 
2003-10-09	6,15	5,50	4,80	4,45	4,00	 
2003-10-02	5,95	5,30	4,65	4,30	3,90	 
2003-09-25	6,05	5,40	4,75	4,40	3,90	 
2003-09-19	6,15	5,50	4,85	4,50	4,00	 
2003-08-20	6,25	5,60	4,95	4,65	4,10	 
2003-08-05	6,05	5,35	4,65	4,35	4,00	 
2003-07-18	5,85	5,15	4,45	4,15	3,90	 
2003-07-09	5,70	5,00	4,30	4,00	3,75	 
2003-06-30	5,70	5,00	4,30	4,00	3,75	 
2003-06-26	5,50	4,80	4,20	3,90	3,75	 
2003-06-19	5,60	4,90	4,35	4,00	3,75	 
2003-06-16	5,35	4,65	4,10	3,90	3,75	 
2003-06-11	5,50	4,80	4,25	4,05	3,90	 
2003-05-28	5,60	4,95	4,45	4,25	4,15	 
2003-05-20	5,70	5,05	4,55	4,35	4,25	 
2003-05-15	5,85	5,20	4,65	4,45	4,35	 
2003-05-09	5,95	5,35	4,75	4,55	4,40	 
2003-05-07	6,05	5,45	4,85	4,65	4,50	 
2003-04-28	6,15	5,55	4,95	4,75	4,60	 
2003-04-08	6,25	5,65	5,05	4,85	4,60	 
2003-04-02	6,05	5,50	4,95	4,75	4,60	 
2003-03-21	6,15	5,60	4,95	4,75	4,60	 
2003-03-19	6,00	5,40	4,95	4,75	4,60	 
2003-03-17	6,00	5,40	4,95	4,75	4,60	 
2003-03-10	5,80	5,20	4,75	4,55	4,50	 
2003-02-24	5,80	5,25	4,85	4,65	4,55	 
2003-02-10	5,95	5,45	5,05	4,85	4,75	 
2003-01-27	6,05	5,55	5,15	4,95	4,85	 
2003-01-02	6,15	5,70	5,15	4,95	4,85	 
2002-12-19	6,30	5,85	5,30	5,10	5,00	 
2002-12-11	6,45	5,95	5,40	5,20	5,00	 
2002-11-20	6,45	5,95	5,55	5,35	5,25	 
2002-11-12	6,45	5,95	5,55	5,35	5,25	 
2002-11-08	6,60	6,10	5,65	5,45	5,35	 
2002-10-23	6,60	6,25	5,75	5,55	5,45	 
2002-10-08	6,35	6,00	5,65	5,45	5,35	 
2002-09-17	6,35	6,10	5,80	5,60	5,35	 
2002-08-20	6,60	6,35	5,95	5,75	5,50	 
2002-08-07	6,50	6,25	5,80	5,60	5,35	 
2002-08-05	6,60	6,35	6,00	5,80	5,45	 
2002-07-17	6,70	6,45	6,10	5,90	5,55	 
2002-06-17	6,90	6,65	6,30	6,10	5,75	 
2002-06-07	7,10	6,85	6,50	6,20	5,85	 
2002-05-14	7,20	6,95	6,60	6,30	5,95	 
2002-05-02	7,05	6,80	6,45	6,15	5,80	 
2002-04-30	7,05	6,80	6,45	6,15	5,80	 
2002-04-09	7,20	6,95	6,55	6,25	5,85	 
2002-03-26	7,30	7,05	6,65	6,35	5,95	 
2002-03-20	7,05	6,80	6,55	6,25	5,85	 
2002-02-27	7,05	6,80	6,55	6,25	5,85	 
2002-01-28	6,95	6,70	6,35	6,00	5,60	 
2001 12 14	6,80	6,50	6,05	5,70	5,30	 
2001 12 11	7,00	6,70	6,25	5,90	5,50	 
2001 11 28	6,85	6,50	6,05	5,70	5,30	 
2001 11 16	6,65	6,25	5,80	5,45	5,10	 
2001 11 09	6,55	6,05	5,60	5,25	5,10	 
2001 10 31	6,70	6,20	5,70	5,35	5,20	 
2001 10 02	6,95	6,40	5,85	5,50	5,35	 
2001 09 25	7,10	6,60	6,05	5,70	5,35	 
2001 09 19	6,75	6,25	5,85	5,60	5,35	 
2001 08 22	6,75	6,35	6,05	5,80	5,75	 
2001 08 10	6,85	6,45	6,15	5,90	5,75	 
2001 08 03	6,95	6,65	6,30	6,05	5,85	 
2001 07 25	7,05	6,75	6,50	6,25	5,95	 
2001 07 09	7,25	6,95	6,70	6,45	6,05	 
2001 06 29	7,05	6,75	6,50	6,25	5,85	 
2001 06 18	7,25	6,90	6,50	6,25	5,85	 
2001 05 30	7,15	6,65	6,25	6,00	5,60	 
2001 05 17	6,95	6,45	6,05	5,85	5,60	 
2001 04 19	6,70	6,20	5,80	5,60	5,45	 
2001 03 27	6,45	5,95	5,60	5,40	5,25	 
2001 02 02	6,60	6,05	5,70	5,50	5,45	 
2001 01 05	6,60	6,20	5,90	5,70	5,65	 
2000 12 13	6,70	6,40	6,15	5,90	5,65	 
2000 12 08	6,70	6,40	6,15	5,90	5,65	 
2000 11 08	7,10	6,70	6,35	6,00	5,65	 
2000 10 25	7,10	6,75	6,40	6,10	5,70	 
2000 09 05	7,10	6,90	6,60	6,30	5,80	 
2000 06 30	7,30	7,20	6,90	6,60	6,10	 
2000 06 06	7,10	6,95	6,65	6,35	5,85	 
2000 03 30	7,35	7,20	6,90	6,45	5,85	 
2000 03 23	7,35	7,20	6,90	6,70	6,10	 
2000 03 16	7,60	7,20	7,00	6,70	6,10	 
2000 03 07	7,70	7,40	7,10	6,70	6,10	 
2000 02 21	7,90	7,55	7,25	6,85	6,10	 
2000 02 09	7,90	7,45	6,95	6,60	5,90	 
2000 01 19	7,90	7,45	6,95	6,60	5,90	 
1999 12 22	7,70	7,25	6,80	6,45	5,70	 
1999 11 22	7,60	7,15	6,70	6,30	5,60	 
1999 11 17	7,25	6,80	6,40	5,95	5,60	 
1999 11 15	7,25	6,80	6,40	5,95	5,60	 
1999 11 09	7,50	7,05	6,65	6,20	5,60	 
1999 11 01	7,80	7,30	6,90	6,30	5,60	 
1999 10 18	8,10	7,55	7,15	6,55	5,60	 
1999 09 13	7,85	7,35	6,80	6,25	5,40	 
1999 09 08	7,70	7,20	6,65	6,10	5,30	 
1999 09 02	7,85	7,45	6,80	6,25	5,30	 
1999 08 13	7,75	7,20	6,70	6,15	5,10	 
1999 08 11	8,05	7,60	7,00	6,45	5,40	 
1999 08 09	7,85	7,40	6,80	6,25	5,20	 
1999 08 05	7,60	7,10	6,60	6,10	5,20	 
1999 08 02	7,40	6,95	6,50	5,90	5,10	 
1999 07 14	7,20	6,75	6,30	5,70	4,90	 
1999 07 12	7,40	6,90	6,30	5,85	5,05	 
1999 07 09	7,55	7,05	6,45	6,00	5,20	 
1999 07 05	7,20	6,65	6,05	5,60	5,00	 
1999 06 28	6,80	6,25	5,75	5,30	4,80	 
1999 06 15	6,65	6,10	5,60	5,20	4,70	 
1999 06 03	6,65	5,95	5,50	5,15	4,70	 
1999 05 26	6,40	5,70	5,25	4,95	4,60	 
1999 05 20	6,35	5,55	5,15	4,85	4,50	 
1999 05 14	6,25	5,45	5,05	4,75	4,40	 
1999 05 07	6,10	5,35	4,90	4,60	4,40	 
1999 04 16	5,95	5,15	4,70	4,45	4,30	 
1999 04 12	5,95	5,25	4,70	4,45	4,30	 
1999 03 31	6,05	5,40	4,85	4,60	4,40	 
1999 03 18	5,90	5,40	5,05	4,80	4,60	 
1999 03 04	6,10	5,60	5,15	4,90	4,70	 
1999 03 01	5,95	5,40	5,05	4,80	4,70	 
1999 02 17	5,75	5,20	5,05	4,80	4,70	 
1999 01 29	5,75	5,20	5,05	4,80	4,70	 
1999 01 12	5,80	5,30	5,15	4,90	4,75	 
1999 01 07	5,80	5,50	5,25	5,00	4,80	 
1998 12 16	5,95	5,65	5,40	5,15	4,95	 
1998 12 07	6,20	5,70	5,40	5,15	4,95	 
1998 11 25	6,35	5,80	5,55	5,30	5,10	 
1998 11 16	6,50	5,95	5,65	5,45	5,25	 
1998 11 04	6,50	6,10	5,75	5,55	5,35	 
1998 11 03	6,50	6,10	5,75	5,55	5,35	 
1998 10 30	6,60	6,35	6,00	5,80	5,60	 
1998 10 19	6,65	6,45	6,20	5,95	5,75	 
1998 10 12	7,05	6,70	6,35	6,15	5,95	 
1998 10 09	6,65	6,45	6,20	5,95	5,75	 
1998 09 03	6,65	6,25	6,05	5,85	5,65	 
1998 08 31	6,90	6,50	6,30	6,10	5,90	 
1998 08 27	6,70	6,30	6,10	5,90	5,70	 
1998 06 23	6,60	6,15	6,00	5,90	5,70	 
1998 06 10	6,60	6,15	6,00	5,90	5,70	 
1998 05 28	6,70	6,25	6,10	6,05	5,85	 
1998 03 13	6,95	6,50	6,35	6,30	6,10	 
1998 02 24	7,00	6,65	6,40	6,30	6,10	 
1998 01 13	7,15	6,70	6,50	6,35	6,15	 
1998 01 08	7,45	6,90	6,70	6,55	6,35	 
1997 12 17	7,45	7,15	6,95	6,75	6,35	 
1997 10 29	7,95	7,45	7,05	6,75	6,35	 
1997 10 21	8,15	7,55	7,20	6,85	6,35	 
1997 10 13	7,90	7,30	6,95	6,60	6,10	 
1997 09 26	7,90	7,10	6,75	6,35	5,85	 
1997 08 12	8,10	7,40	7,00	6,55	5,95	 
1997 07 04	8,35	7,40	6,75	6,30	5,70	 
1997 05 22	8,60	7,65	6,75	6,30	5,70	 
1997 05 06	9,00	7,85	6,95	6,40	5,80	 
1997 04 09	8,85	7,70	6,80	6,25	5,65	 
1997 03 19	9,25	8,00	7,15	6,65	5,90	 
1997 03 18	8,75	7,55	6,75	6,25	5,70	 
1997 03 07	8,50	7,30	6,55	6,10	5,60	 
1997 03 03	8,30	7,15	6,35	5,85	5,40	 
1997 02 18	8,15	7,00	6,20	5,70	5,25	 
1997 02 12	8,30	7,15	6,35	5,85	5,40	 
1997 02 04	8,40	7,25	6,50	5,95	5,50	 
1997 01 28	8,20	7,05	6,30	5,75	5,30	 
1997 01 16	8,00	6,85	6,10	5,55	5,10	 
1997 01 09	8,15	7,05	6,30	5,75	5,20	 
1996 12 18	8,25	7,25	6,55	5,90	5,20	 
1996 12 11	8,25	7,25	6,55	6,00	5,35	 
1996 12 03	8,45	7,45	6,75	6,20	5,65	 
1996 11 27	8,65	7,65	6,95	6,40	5,85	 
1996 10 10	8,75	7,80	7,05	6,50	6,05	 
1996 10 03	8,90	8,00	7,30	6,75	6,25	 
1996 09 26	9,20	8,25	7,50	6,90	6,25	 
1996 09 17	9,50	8,50	7,70	7,10	6,40	 
1996 09 12	9,60	8,80	7,90	7,30	6,60	 
1996 08 20	9,60	8,80	8,05	7,50	6,80	 
1996 08 09	9,85	9,00	8,25	7,70	6,95	 
1996 07 10	9,85	9,20	8,45	7,90	7,15	 
1996 06 26	9,70	9,05	8,30	7,75	7,15	 
1996 06 19	9,95	9,20	8,40	7,90	7,30	 
1996 06 06	9,95	9,20	8,40	7,90	7,40	 
1996 05 17	9,95	9,20	8,50	8,00	7,50	 
1996 05 06	10,20	9,40	8,65	8,20	7,70	 
1996 04 25	9,95	9,15	8,50	8,10	7,70	 
1996 04 22	9,95	9,15	8,50	8,10	7,70	 
1996 04 11	10,05	9,40	8,70	8,30	7,90	 
1996 03 27	10,05	9,40	8,70	8,30	7,90	 
1996 03 25	10,15	9,50	9,00	8,60	8,20	 
1996 03 19	10,65	9,65	9,15	8,75	8,25	 
1996 03 12	10,90	9,90	9,40	9,00	8,50	 
1996 03 04	10,40	9,50	8,90	8,75	8,50	 
1996 02 23	10,40	9,50	8,90	8,75	8,80	 
1996 02 20	10,60	9,75	9,15	9,00	8,80	 
1996 02 14	10,20	9,65	9,05	8,90	8,80	 
1996 02 07	10,30	9,85	9,30	9,20	9,10	 
1996 02 06	10,00	9,55	9,00	8,90	8,90	 
1996 02 05	9,75	9,30	9,00	8,90	8,90	 
1996 01 31	9,75	9,40	9,10	9,00	9,00	 
1996 01 26	9,85	9,50	9,25	9,20	9,20	 
1996 01 23	9,55	9,20	9,05	9,00	9,00	 
1996 01 17	9,30	8,95	8,80	8,75	8,75	 
1996 01 11	9,55	9,30	9,20	9,20	9,20	 
1996 01 09	9,55	9,40	9,35	9,35	9,35	 
1995 12 06	9,80	9,65	9,60	9,60	9,60	 
1995 11 29	9,90	9,75	9,75	9,75	9,75	 
1995 11 21	10,30	9,95	9,90	9,85	9,85	 
1995 11 09	10,30	10,05	10,00	9,90	9,90	 
1995 10 20	10,50	10,25	10,20	10,10	10,10	 
1995 10 04	10,65	10,40	10,35	10,25	10,25	 
1995 09 27	10,75	10,60	10,45	10,35	10,25	 
1995 09 25	10,90	10,85	10,70	10,60	10,50	 
1995 09 20	10,70	10,40	10,40	10,30	10,30	 
1995 09 15	11,00	10,60	10,50	10,45	10,40	 
1995 09 12	11,15	10,70	10,50	10,45	10,40	 
1995 09 11	11,15	10,90	10,70	10,65	10,60	 
1995 08 29	11,25	11,00	10,80	10,75	10,70	 
1995 08 17	11,45	11,10	10,90	10,80	10,70	 
1995 08 04	11,65	11,30	11,10	11,00	10,90	 
1995 07 10	12,00	11,65	11,45	11,35	11,00	 
1995 07 04	12,25	11,90	11,70	11,60	11,25	 
1995 06 26	12,00	11,65	11,45	11,35	11,00	 
1995 06 06	12,00	11,50	11,30	11,10	10,75	 
1995 05 11	12,00	11,50	11,30	11,10	10,50	 
